100 100
49 31 17 23 9 75 42 73 45 58 15 96 91 20 70 58 39 18 83 9 74 40 54 97 96 3 79 94 19 96 84 20 27 1 43 89 76 38 14 73 48 29 70 39 49 92 49 88 62 32 49 36 24 56 34 20 11 65 66 82 61 51 2 40 4 97 29 33 35 43 6 83 73 28 74 74 20 23 15 82 7 16 71 32 72 57 52 35 22 71 17 35 22 19 75 78 69 57 11 4 
0 18 40 25 46 66 0 19 90 15 53 97 31 24 29 56 81 34 91 55 57 9 42 79 80 70 9 49 27 21 6 27 91 46 5 37 12 5 8 54 72 62 4 55 38 85 63 72 19 55 27 76 16 22 7 48 92 69 50 19 90 56 98 81 54 3 70 66 60 79 73 84 93 77 92 31 62 55 3 34 62 83 62 30 5 22 79 97 91 29 68 81 37 66 14 91 22 84 9 34 
15 82 71 8 11 63 92 26 18 95 60 81 30 22 11 35 96 42 84 87 71 52 68 60 71 82 51 45 19 13 31 34 47 2 95 59 65 87 85 84 34 97 65 65 19 28 52 16 71 37 55 94 41 76 55 64 10 58 9 29 71 41 64 19 43 59 78 61 98 15 45 32 12 62 49 83 90 2 51 61 91 7 8 32 83 63 49 45 21 58 75 93 51 91 64 47 2 94 8 0 
9 5 84 73 67 34 56 9 36 60 71 27 67 31 11 2 94 60 47 15 71 74 60 74 65 24 73 19 18 81 19 79 38 4 52 5 90 61 15 26 21 38 5 40 69 16 94 15 29 41 30 0 16 43 26 33 19 0 53 90 33 24 69 72 80 74 77 70 35 44 48 8 82 53 48 3 22 42 18 51 35 1 3 3 44 29 89 63 29 94 53 63 18 75 35 51 49 64 73 36 
9 22 44 43 75 44 47 97 38 17 0 25 18 3 81 62 33 70 78 14 64 83 29 34 10 64 37 59 29 11 47 90 85 43 33 60 87 32 10 77 50 10 55 68 14 36 83 99 58 13 65 74 48 95 8 59 59 98 70 40 61 18 82 46 61 16 58 1 0 68 78 50 31 85 71 97 21 54 48 79 19 13 53 67 8 14 26 20 64 97 12 25 67 95 71 28 63 81 29 63 
2 60 14 33 45 85 30 19 91 78 98 10 43 4 29 52 18 8 72 34 5 36 59 24 31 82 52 94 63 34 58 65 94 24 50 91 61 32 10 52 62 61 14 6 65 95 58 35 3 82 69 60 18 28 84 2 62 37 96 77 23 6 43 17 30 45 60 91 78 71 95 40 32 61 46 49 57 56 84 60 90 53 21 61 33 57 63 95 46 59 72 69 18 67 86 48 13 99 92 91 
70 39 83 54 1 30 3 10 86 87 70 77 92 43 38 25 1 53 72 99 64 44 69 82 64 7 83 29 6 75 72 28 66 55 82 67 85 85 77 24 24 0 53 16 95 43 93 48 96 65 48 60 62 17 43 78 24 78 7 31 53 79 59 19 34 94 39 72 31 68 96 56 68 49 24 16 92 18 64 88 35 12 0 97 81 95 75 58 73 34 89 78 13 0 50 0 46 89 72 78 
9 68 86 30 17 10 46 61 80 10 1 16 75 1 65 8 49 41 66 22 75 7 1 41 60 51 41 6 92 13 84 1 81 22 31 50 33 77 63 13 40 64 81 67 17 47 75 66 40 42 89 67 49 42 8 9 45 49 68 89 14 4 90 47 27 74 97 60 3 60 25 95 76 59 62 94 6 90 12 98 32 1 65 33 95 74 95 92 75 63 81 90 67 24 37 46 98 87 58 53 
99 36 49 76 95 63 22 53 53 34 51 37 88 16 71 83 42 18 28 70 33 9 60 52 33 49 99 83 36 57 89 36 93 38 64 40 1 38 93 7 72 96 44 60 65 67 96 7 85 24 77 18 85 89 71 71 39 22 54 27 79 95 15 25 33 31 65 87 69 59 94 42 55 38 54 72 58 50 80 43 26 9 14 12 51 37 35 42 59 41 69 38 37 37 63 70 68 81 9 38 
40 3 32 47 94 86 20 52 89 52 47 67 13 61 79 64 50 14 6 9 8 28 0 45 65 15 15 85 96 77 23 88 80 7 88 26 46 60 30 35 12 78 2 77 91 34 42 42 0 0 51 8 28 51 53 45 19 21 31 15 98 6 4 30 66 92 9 12 52 39 99 16 69 1 93 61 87 87 55 40 88 58 48 68 62 54 66 81 27 49 96 77 7 0 7 73 44 68 85 48 
8 84 64 77 38 58 90 25 97 45 17 85 4 66 6 18 72 72 99 99 73 95 28 80 48 87 54 44 56 91 93 16 28 57 45 66 67 36 43 65 33 61 2 89 79 60 7 3 84 6 54 57 54 82 38 2 69 44 98 77 35 91 93 15 1 39 81 68 27 77 85 60 90 40 2 21 52 9 24 37 68 78 94 22 12 84 76 33 28 26 11 16 18 56 31 19 95 65 39 22 
42 77 35 84 17 37 5 69 98 81 58 66 11 5 40 23 89 68 56 70 95 19 86 13 76 69 84 23 34 23 46 28 0 33 64 69 70 21 91 68 2 49 87 13 54 27 36 96 48 45 66 95 16 4 60 92 25 44 16 12 19 14 92 72 47 57 41 17 78 84 37 81 34 24 46 40 4 35 88 4 32 6 99 48 62 59 41 88 55 9 0 26 75 44 98 22 1 40 91 32 
76 80 13 10 5 11 3 61 46 43 17 78 50 16 27 12 27 20 52 34 81 4 60 56 49 59 30 50 51 21 82 27 1 47 90 58 59 45 71 57 88 88 36 90 56 15 3 35 87 55 21 68 12 82 76 61 93 6 11 96 79 46 23 32 45 65 43 56 62 14 14 51 55 2 41 63 69 96 51 56 4 72 76 16 6 4 77 51 62 40 47 41 38 23 25 84 40 68 40 3 
35 6 6 42 60 99 5 29 96 8 85 52 81 13 20 39 17 49 91 79 89 90 72 28 13 50 64 6 18 56 9 5 63 15 47 23 14 5 53 62 13 90 66 46 56 86 86 25 35 29 57 77 19 29 57 85 79 21 91 50 77 0 55 92 67 55 16 33 60 21 48 73 63 14 72 19 53 58 97 88 87 54 17 58 35 74 43 67 95 34 17 73 86 24 17 53 79 33 87 91 
6 35 17 70 1 89 41 54 99 38 95 38 92 12 96 28 87 40 95 82 26 64 7 13 88 25 18 20 10 57 63 17 92 80 87 94 69 28 0 20 19 95 58 11 8 55 39 95 47 86 29 25 50 89 90 91 66 9 63 76 66 26 93 11 59 32 57 80 13 57 1 32 53 59 95 13 66 35 60 65 73 89 91 76 30 81 19 96 42 34 73 9 12 18 20 71 3 77 52 16 
86 53 0 39 64 95 4 31 82 64 48 8 6 91 84 36 73 55 33 15 89 58 76 1 76 96 73 31 25 77 99 12 30 99 3 46 47 60 29 81 24 78 89 82 69 25 19 94 80 4 62 69 62 38 23 90 87 48 22 12 25 21 76 55 73 32 53 20 92 83 1 68 61 91 51 30 16 70 77 49 74 39 18 88 77 93 78 64 41 52 29 66 74 57 73 47 89 27 19 33 
10 20 2 71 63 53 53 32 23 30 81 49 21 51 37 99 45 67 15 86 20 96 53 94 54 78 93 95 5 12 29 15 84 31 38 48 36 44 32 11 26 13 60 48 64 49 99 9 16 14 48 36 63 1 82 69 79 27 64 37 91 45 4 76 28 43 76 64 87 8 75 65 73 87 13 37 36 12 99 5 79 47 93 42 0 76 11 31 55 27 68 47 73 73 75 53 68 51 70 55 
11 45 20 84 85 86 73 21 98 72 78 77 19 72 71 71 48 82 3 55 10 71 2 35 44 77 88 12 80 58 19 43 56 92 79 93 30 53 66 28 77 45 58 49 17 29 20 65 64 23 20 74 47 75 61 43 4 1 8 85 60 27 28 68 71 60 61 1 13 27 82 42 72 92 91 89 73 64 6 37 39 79 63 86 6 24 30 10 26 38 95 38 17 76 6 89 36 19 42 1 
98 76 95 23 68 39 64 42 3 23 31 42 54 95 29 60 71 11 70 97 49 18 35 66 46 93 7 34 64 2 35 15 78 30 38 99 69 2 93 24 77 76 67 31 71 48 91 43 59 14 92 60 84 80 78 30 25 86 64 90 40 51 57 70 81 95 21 3 49 14 79 27 43 46 58 14 46 2 9 57 16 2 69 0 82 48 30 7 86 46 49 26 97 6 48 30 53 70 33 3 
36 13 82 79 11 40 46 10 42 55 19 10 57 89 10 91 89 92 51 75 90 52 53 87 11 1 18 16 23 3 19 12 68 53 91 32 94 37 94 88 45 13 51 54 54 13 98 43 58 49 70 48 53 23 36 64 77 6 81 52 61 52 64 82 58 8 66 4 97 60 44 42 25 95 97 80 9 95 75 67 96 46 15 49 21 3 66 50 61 99 3 23 3 19 57 61 27 23 17 25 
35 62 19 60 57 16 92 66 63 20 85 11 66 53 13 39 56 31 90 18 30 45 93 85 64 2 99 44 25 16 69 12 78 88 24 36 57 17 54 72 37 40 84 55 93 49 46 1 80 36 71 10 33 16 47 50 18 46 94 95 15 15 7 93 55 32 81 64 1 88 37 90 28 73 97 73 22 43 26 2 32 98 64 65 66 11 67 85 10 61 80 25 76 40 18 84 24 52 48 25 
40 85 67 20 10 64 45 32 59 71 34 91 21 50 9 88 62 76 73 72 90 5 49 18 97 67 2 21 71 51 98 11 36 65 31 47 81 76 31 41 0 18 32 21 68 93 61 82 70 86 6 12 44 55 30 41 23 33 15 46 84 13 58 72 31 41 71 12 70 3 53 70 73 38 43 41 31 5 76 53 91 82 65 35 38 96 29 13 29 44 59 65 9 17 37 40 11 9 53 81 
64 58 51 37 96 46 30 28 3 6 33 47 89 99 34 79 47 63 92 28 59 51 93 69 21 82 9 32 43 62 13 59 73 16 48 69 62 31 97 18 37 83 65 78 82 99 57 81 63 1 9 22 53 54 91 26 36 53 58 32 67 23 91 40 39 40 10 53 71 59 71 60 42 36 91 76 88 0 57 51 2 18 25 7 72 69 33 61 74 91 45 41 14 88 34 5 80 44 10 3 
55 82 64 50 70 7 26 10 7 36 13 61 6 39 68 79 60 1 92 34 44 89 27 10 77 61 15 58 57 26 13 13 60 29 63 82 36 41 93 96 77 6 57 84 97 78 15 9 31 59 43 76 0 23 38 77 84 54 87 42 32 1 7 44 30 70 78 19 11 23 15 41 30 24 25 79 54 92 89 86 51 84 14 3 7 52 80 44 58 20 86 42 21 93 38 3 15 17 22 26 
40 89 19 22 14 44 2 68 88 91 6 91 27 20 94 35 25 75 79 83 47 17 78 68 62 16 23 77 33 46 55 26 87 75 48 1 71 50 22 60 93 28 51 21 49 46 8 74 73 39 9 72 56 87 92 70 4 15 47 89 13 54 15 1 29 64 54 1 66 76 13 12 5 16 85 6 14 93 32 39 84 41 11 92 81 3 62 37 19 61 26 32 15 42 85 45 58 40 98 76 
16 63 88 73 79 73 79 94 18 63 33 2 5 45 94 38 48 8 75 19 69 53 4 85 95 89 82 5 81 80 82 98 95 70 71 74 96 3 20 66 66 54 69 23 51 15 13 51 76 88 23 45 42 27 30 89 68 64 47 50 96 29 48 91 51 71 66 99 26 86 66 45 92 87 20 95 54 34 47 30 22 70 76 16 49 58 58 17 23 5 67 71 86 67 63 37 91 81 37 17 
19 55 14 12 42 35 59 96 69 6 27 43 28 55 60 77 13 70 47 88 75 14 60 61 34 75 50 25 56 39 94 75 94 61 39 88 96 99 85 65 57 64 60 38 19 72 67 84 42 14 73 69 81 85 82 15 60 33 92 16 24 38 43 71 99 83 59 95 34 96 12 43 60 25 81 31 97 1 16 40 15 41 61 48 26 44 15 86 29 7 54 53 98 97 76 97 32 88 45 18 
36 9 62 97 34 95 80 32 96 96 24 12 37 85 60 63 81 28 1 10 35 7 64 85 57 92 83 89 80 80 8 17 89 22 66 76 17 46 60 14 43 84 78 32 21 90 48 3 18 1 13 6 9 29 91 66 22 74 7 54 6 67 71 96 89 89 24 59 36 84 73 31 20 3 15 41 93 63 96 12 65 62 18 26 43 61 92 17 88 99 72 94 19 95 42 8 85 66 19 73 
50 92 4 70 95 71 64 41 35 12 53 52 26 23 78 70 84 22 87 72 73 11 19 92 7 61 53 44 28 72 17 78 17 73 1 12 44 65 53 31 29 58 83 56 33 13 26 18 35 65 42 9 29 61 1 88 75 54 32 3 79 1 33 96 26 34 60 22 51 66 54 81 24 89 37 10 3 15 28 90 32 22 99 61 36 53 49 11 59 33 66 38 34 99 34 12 86 47 35 37 
13 89 18 37 30 7 47 33 22 27 76 55 2 27 68 38 80 18 1 92 3 67 82 90 18 69 2 4 16 37 42 29 78 12 18 9 20 66 94 94 45 70 1 47 98 70 37 78 40 90 22 43 9 5 33 28 74 88 32 42 25 26 71 4 91 89 65 11 7 59 57 53 30 59 52 28 29 42 58 69 32 81 64 42 38 50 70 64 38 54 6 63 33 77 19 24 66 84 87 74 
44 44 79 74 55 31 54 84 73 12 5 58 45 22 0 83 72 22 47 10 28 53 73 61 82 45 37 1 81 24 75 25 69 6 51 76 37 57 61 63 70 18 21 67 40 73 3 12 95 50 74 75 56 0 89 90 45 26 91 26 51 66 4 72 72 55 48 62 65 61 25 35 32 98 54 72 71 57 37 18 60 11 93 16 11 82 6 8 9 50 87 12 16 91 36 41 98 84 55 63 
98 32 50 30 30 5 54 1 62 91 19 22 55 64 90 18 99 49 27 60 99 66 72 67 57 8 60 7 44 15 71 42 47 21 72 77 78 79 30 93 70 1 15 77 66 58 96 65 7 75 25 58 41 49 25 50 57 86 57 53 1 80 48 1 54 72 78 32 51 61 25 22 62 93 51 28 51 99 45 10 26 22 68 67 71 45 69 80 31 79 34 85 59 34 38 13 6 68 98 58 
29 75 32 92 20 83 72 71 83 18 33 9 92 53 29 64 99 50 96 82 29 82 19 41 16 57 54 23 26 4 81 7 80 13 99 0 48 72 24 83 42 9 93 86 15 74 2 66 24 99 48 6 81 20 47 50 29 53 73 7 58 6 15 90 71 14 42 19 38 18 55 32 80 48 19 95 74 21 61 50 72 61 56 6 33 55 56 63 9 81 70 19 87 37 61 10 4 55 81 42 
74 36 27 6 36 46 1 10 19 14 13 92 75 69 98 61 77 6 24 38 87 46 57 26 84 70 36 88 25 17 82 51 6 9 9 42 7 10 53 79 76 18 23 4 39 73 65 16 79 89 54 18 87 63 44 71 33 32 11 11 1 46 14 7 55 24 50 15 86 55 46 63 73 69 67 12 42 32 29 73 73 35 91 60 99 35 84 84 67 47 95 68 93 62 28 1 86 78 16 24 
33 14 87 6 83 6 18 77 38 99 50 63 35 41 76 34 28 60 70 47 59 18 67 53 80 95 54 18 73 22 42 58 36 82 64 71 88 35 48 79 86 50 42 21 91 18 7 19 30 78 18 90 96 85 43 28 81 49 46 6 23 40 65 11 22 81 82 11 16 82 42 3 32 84 76 75 55 84 46 85 14 64 75 62 49 70 90 82 71 88 41 94 28 6 57 3 87 39 14 56 
73 56 11 57 92 87 32 47 23 78 85 89 94 12 51 44 83 93 78 6 81 19 1 10 77 58 13 17 50 79 73 75 87 36 33 31 75 65 79 51 96 16 40 90 28 92 86 11 85 17 18 67 88 71 29 66 81 94 35 83 25 60 59 64 96 44 95 71 61 26 22 57 42 15 0 71 7 86 82 44 3 52 63 44 75 44 10 57 90 97 40 15 57 51 79 53 95 75 76 9 
1 51 66 44 18 18 15 25 5 49 21 60 54 37 56 29 81 66 86 72 15 79 39 72 82 19 77 30 46 6 39 47 57 57 43 75 76 10 52 33 12 25 93 66 62 50 95 96 68 34 68 84 65 7 8 47 78 86 77 24 92 16 24 1 74 19 28 50 30 32 83 42 9 28 60 72 30 7 68 51 41 88 87 58 95 95 6 26 33 83 50 77 52 26 78 78 46 58 80 28 
42 15 22 52 43 82 24 26 89 44 77 83 32 64 41 79 11 99 5 45 35 8 22 87 86 53 65 32 63 97 60 6 12 82 58 55 16 34 33 58 78 10 41 62 26 34 41 90 34 99 87 69 59 61 8 45 14 25 30 30 22 90 36 34 25 46 41 93 80 75 51 10 37 44 72 16 31 65 6 17 16 93 38 27 54 46 73 21 71 3 3 45 45 39 31 22 37 72 16 69 
99 19 79 37 64 3 53 47 20 11 64 89 56 2 16 10 0 89 83 71 44 86 68 90 77 99 12 14 23 80 83 23 0 14 12 16 69 17 63 90 28 79 79 84 81 47 46 81 37 82 4 81 20 24 23 98 23 88 64 46 68 0 21 68 66 33 84 36 50 99 26 30 78 57 66 11 4 65 44 93 47 48 27 19 72 2 69 47 90 34 46 59 86 19 27 52 53 64 88 55 
15 66 38 46 75 4 57 32 69 2 77 68 2 56 40 27 59 9 74 49 95 72 8 81 92 88 86 97 4 74 4 19 93 42 65 68 99 75 52 68 77 30 89 31 86 29 58 45 90 85 47 86 9 7 67 1 95 53 50 99 80 55 71 25 97 88 45 96 63 98 17 92 80 58 24 66 39 34 64 29 71 63 15 81 70 35 34 66 40 85 17 20 92 40 97 89 29 43 38 44 
41 55 37 21 65 13 39 4 99 55 33 71 18 1 4 41 36 90 59 76 75 28 49 67 69 46 9 50 89 47 94 82 54 83 55 71 48 47 75 48 2 60 71 73 61 27 14 49 17 25 78 45 53 79 64 22 77 73 24 19 72 19 1 78 54 9 49 3 56 76 3 10 37 74 83 50 53 49 52 70 74 30 15 80 61 80 2 38 53 79 57 78 98 11 8 52 20 58 7 28 
86 10 38 23 36 22 26 89 23 78 12 50 60 27 30 21 7 84 11 13 63 69 43 13 32 51 18 4 61 25 32 48 88 70 23 24 44 49 66 20 79 78 70 39 57 52 12 65 36 24 30 52 45 73 65 77 24 35 33 38 61 65 86 1 87 9 25 32 59 43 52 90 73 74 30 31 26 94 48 14 18 78 18 63 3 36 92 79 71 25 17 84 42 3 85 30 13 63 14 24 
6 18 14 32 44 96 63 22 91 11 36 61 41 7 77 44 43 21 23 66 47 41 51 41 44 36 23 9 99 89 85 58 7 52 42 51 48 5 73 91 68 62 53 9 21 82 5 64 3 28 30 2 69 33 44 66 70 19 27 21 9 65 31 68 17 73 72 17 30 45 61 98 59 66 59 80 48 64 96 51 93 79 54 14 12 50 32 34 69 12 56 30 77 39 99 46 13 71 63 95 
68 24 94 80 90 5 12 90 22 9 42 67 40 48 81 52 50 66 87 71 30 95 2 7 34 53 53 99 24 68 95 44 45 41 24 87 98 37 78 20 98 72 87 38 20 69 90 70 87 29 41 17 76 95 76 11 48 81 62 24 1 9 69 46 50 93 34 49 30 64 69 80 36 57 18 56 78 61 78 17 42 71 86 19 19 62 82 67 95 44 92 96 54 61 43 56 6 29 5 89 
93 27 69 81 36 40 37 14 1 67 83 43 90 69 14 9 83 96 77 78 41 21 74 47 34 69 3 92 50 61 81 95 88 51 76 76 43 65 42 44 32 25 39 75 46 6 84 29 2 13 7 95 86 33 42 20 3 98 13 53 11 46 1 51 49 77 27 92 43 69 88 27 46 80 2 92 86 39 21 88 52 28 36 39 13 30 11 16 28 76 22 91 23 23 42 72 52 69 17 47 
90 5 27 36 85 81 28 23 20 1 12 73 81 0 12 95 30 75 11 11 52 85 2 75 60 45 99 13 66 16 12 57 74 39 45 59 21 26 83 41 27 47 66 9 99 78 4 29 54 67 40 58 5 95 33 65 92 84 30 10 1 43 19 27 34 65 38 7 91 73 49 18 72 15 79 71 46 35 1 52 3 93 10 8 40 95 25 32 79 8 43 32 3 62 59 37 79 98 45 70 
23 46 41 96 13 72 67 59 8 68 63 11 14 73 71 54 68 48 39 0 56 82 32 59 96 44 97 76 94 94 98 17 40 91 13 53 64 81 65 24 1 28 87 15 54 58 22 22 6 61 74 15 95 7 74 91 3 23 19 97 69 70 66 61 13 80 67 29 13 32 53 14 12 40 30 66 98 52 41 57 65 15 24 60 74 50 51 77 74 23 26 95 45 93 57 58 25 24 88 38 
8 41 52 20 82 34 87 32 38 80 41 3 95 65 63 22 16 67 51 42 42 78 37 87 23 46 97 48 70 85 38 78 79 90 99 13 77 38 97 67 18 39 71 65 56 86 87 24 5 39 18 99 69 56 38 92 2 36 92 25 73 82 3 52 24 54 17 1 44 15 69 14 6 92 80 62 30 67 39 88 58 57 87 27 65 78 71 20 14 15 45 39 97 0 44 22 7 61 75 3 
76 44 18 82 88 98 97 71 17 88 59 28 45 98 55 11 76 79 83 42 94 80 82 44 32 26 66 39 39 41 43 68 38 13 50 78 11 99 1 80 87 60 8 85 11 16 48 39 47 31 82 93 11 16 37 43 42 55 35 81 49 30 49 39 43 52 17 6 3 19 38 43 31 99 28 42 15 76 34 14 59 16 7 22 32 97 17 26 52 4 59 1 34 61 40 29 65 10 35 68 
29 74 63 12 73 91 7 40 19 41 6 78 9 13 52 41 10 70 19 15 74 78 16 61 39 9 90 56 19 26 25 0 52 88 12 77 32 71 69 51 12 75 82 21 40 34 14 3 56 33 18 83 64 86 44 55 95 34 12 66 12 89 66 16 29 31 45 61 2 14 65 15 41 47 88 82 33 3 85 42 88 55 25 4 41 21 60 37 55 24 3 20 13 22 88 94 53 34 56 55 
0 21 22 42 20 63 76 5 18 13 47 6 68 24 63 9 45 23 98 53 99 2 73 64 24 13 58 29 47 14 36 48 87 11 42 59 74 18 17 92 83 64 50 51 41 13 60 38 88 59 91 87 13 16 3 89 30 62 70 29 28 6 77 16 69 71 27 43 89 44 87 24 61 90 75 2 3 88 40 44 99 84 83 12 0 87 53 82 49 23 12 77 81 89 45 51 61 73 46 2 
17 34 79 78 24 54 32 79 94 25 75 93 9 59 57 9 46 10 44 95 85 56 24 67 45 70 70 58 43 16 13 12 2 92 43 78 98 75 10 93 0 85 38 61 44 96 23 90 58 67 37 44 23 62 63 20 32 85 79 27 1 44 39 56 88 82 34 38 58 96 31 10 82 70 72 78 18 95 69 76 14 58 72 37 20 87 57 4 72 88 31 26 84 71 82 72 5 68 11 15 
65 94 26 99 16 50 77 34 97 98 11 11 57 83 0 29 23 57 86 95 46 17 21 30 40 55 55 46 76 18 61 93 12 39 92 29 41 21 63 90 72 26 1 81 62 53 10 85 11 96 80 9 66 54 91 6 61 46 4 37 16 18 30 29 9 74 10 51 48 73 41 20 0 95 1 14 48 11 99 11 60 31 20 78 37 64 36 99 62 41 88 79 11 71 8 20 45 18 71 93 
43 65 13 95 60 66 9 60 30 60 24 90 44 96 20 81 60 56 32 23 49 73 54 60 44 14 81 41 84 52 35 27 69 0 75 81 67 36 42 97 97 66 39 93 62 59 74 75 67 59 50 17 32 4 77 76 18 58 17 2 63 4 81 84 57 56 66 76 93 8 73 42 26 64 35 40 75 61 67 42 72 17 11 4 21 89 32 39 99 2 93 14 58 75 99 15 31 65 91 76 
25 16 18 3 32 5 43 7 19 11 2 91 80 13 48 2 54 32 93 6 86 87 72 45 62 71 12 45 88 4 22 65 72 92 68 5 50 64 12 69 27 66 12 7 32 60 61 86 45 55 44 31 94 17 76 8 40 41 53 81 45 27 46 17 20 15 74 70 31 39 91 58 5 3 17 37 16 79 76 61 86 72 92 32 41 21 40 82 62 93 63 59 73 61 28 93 28 3 15 59 
94 58 69 99 61 39 89 77 70 17 90 56 89 35 88 31 8 80 65 22 73 28 81 98 41 61 91 70 16 58 29 10 16 51 10 30 90 51 59 60 68 50 68 9 37 8 40 45 88 5 67 13 85 0 12 27 61 55 97 78 66 78 88 34 29 50 64 71 1 24 83 69 26 3 31 63 11 71 8 51 29 27 65 66 27 29 93 88 36 42 66 2 73 7 37 54 57 53 26 59 
29 61 80 55 65 11 70 76 35 30 80 16 57 45 82 84 26 28 25 62 22 43 17 95 50 54 2 8 7 28 19 37 41 51 44 6 15 15 35 2 45 15 18 55 12 52 91 38 80 16 52 3 60 69 50 10 75 52 70 35 32 41 72 74 45 68 32 60 35 67 14 33 34 32 88 46 84 79 36 17 96 41 72 8 10 22 18 86 27 41 21 59 82 45 85 27 65 18 39 1 
37 53 34 72 37 22 18 74 53 7 91 49 48 63 57 10 37 28 96 64 69 69 76 3 66 13 83 32 83 74 85 21 80 19 93 69 93 63 43 46 70 86 48 70 1 5 81 91 85 29 55 6 51 83 62 17 49 97 1 32 71 86 53 3 5 98 73 98 14 68 97 84 55 45 7 8 50 88 99 88 69 7 46 20 42 8 38 91 5 91 24 29 78 77 32 35 28 57 86 42 
26 83 78 33 28 85 41 30 25 41 70 95 0 17 15 42 25 5 34 83 97 58 12 27 87 44 14 15 2 52 9 80 87 88 13 67 25 54 98 51 47 20 98 47 37 65 90 15 71 76 98 20 34 62 99 73 58 65 41 12 18 50 92 5 90 5 73 68 12 23 71 11 43 69 11 33 34 53 0 57 29 50 77 15 12 28 88 70 94 29 83 12 32 27 69 74 85 42 42 97 
17 13 60 13 82 71 46 69 24 46 26 53 96 56 68 60 36 9 82 30 90 65 94 22 45 64 97 30 58 91 79 76 5 39 89 39 11 87 60 35 33 87 41 81 95 61 93 83 70 75 14 61 93 8 35 38 24 84 68 83 76 47 11 81 38 0 72 49 87 33 37 72 72 78 5 19 91 98 2 62 73 68 23 18 77 58 56 53 95 76 36 71 75 99 4 14 99 76 15 38 
61 52 10 85 82 67 4 26 65 7 88 91 75 63 9 4 73 18 10 68 46 98 39 22 98 95 88 97 24 3 88 85 8 50 71 42 18 27 68 35 86 8 26 14 71 88 18 97 6 80 65 4 79 57 26 77 4 66 26 28 70 14 66 30 65 89 24 83 16 45 18 3 53 97 17 77 85 87 74 43 68 91 47 99 0 26 76 5 92 2 85 14 69 51 96 34 92 73 69 9 
18 39 64 23 36 33 0 73 72 26 68 92 70 68 91 70 46 67 27 38 22 13 5 91 16 53 77 9 26 46 70 44 85 34 68 74 67 20 99 91 99 68 84 69 88 75 91 34 43 71 24 17 36 81 8 52 35 85 13 61 83 83 58 20 69 78 94 88 98 94 80 49 14 64 70 2 39 14 36 34 85 60 51 21 94 11 25 29 48 91 42 31 26 0 52 96 78 98 36 29 
92 16 30 6 32 1 8 24 15 96 58 52 9 62 73 3 73 50 32 74 93 74 57 20 27 9 68 57 8 4 86 52 73 17 11 57 70 19 81 37 68 40 89 77 54 14 32 79 64 64 53 10 90 11 30 69 72 50 27 32 54 65 85 79 34 96 37 4 67 70 41 87 62 30 64 16 44 96 96 61 12 1 71 55 12 53 24 37 3 51 69 9 17 6 89 51 54 78 8 22 
48 49 9 63 32 26 79 28 74 27 89 87 29 12 42 93 65 18 30 68 22 52 78 39 58 19 42 13 49 50 87 49 52 48 12 84 74 44 12 49 71 54 88 0 66 82 46 32 0 28 52 22 80 82 13 91 1 8 4 2 58 43 52 62 91 16 98 66 60 63 67 32 17 55 84 35 89 82 67 89 11 72 64 43 54 29 34 56 37 90 10 48 33 14 10 77 31 9 95 43 
24 62 75 41 69 12 28 58 46 48 99 57 20 15 1 74 45 87 82 82 30 93 30 63 59 93 92 90 54 87 34 78 1 61 71 70 25 99 80 72 47 32 81 67 47 82 94 44 22 76 79 52 21 61 67 81 54 60 23 8 47 9 86 49 71 9 71 48 9 4 20 8 36 2 76 35 36 22 80 10 50 59 62 24 72 30 57 27 42 80 87 41 90 26 42 13 35 14 13 44 
18 34 53 6 88 81 41 76 55 73 87 5 84 1 29 57 83 86 36 25 19 23 67 61 49 9 26 85 75 39 81 45 25 86 51 13 19 45 42 74 18 81 32 3 82 13 12 66 52 48 43 71 71 62 84 73 72 10 10 99 49 91 45 75 30 48 40 1 93 82 76 64 15 60 67 98 73 31 16 77 79 59 48 2 22 32 75 46 42 85 45 44 29 42 19 59 91 59 60 36 
94 88 0 9 0 67 59 74 50 75 51 29 87 52 32 61 36 59 59 31 45 56 75 74 99 46 85 42 57 97 78 3 86 79 13 86 98 24 12 49 52 16 30 91 20 62 52 56 22 11 39 19 19 66 93 18 12 30 12 22 27 91 25 65 70 90 4 20 15 68 69 67 36 0 58 56 14 62 65 88 25 4 7 44 23 52 15 35 82 27 57 62 70 35 79 40 25 83 13 40 
52 82 59 88 34 69 97 49 83 62 89 8 18 97 5 41 1 72 29 36 99 38 98 70 73 29 62 51 13 75 91 17 10 3 57 44 24 54 45 8 68 35 68 39 84 25 32 85 97 61 73 49 52 23 71 77 53 85 28 66 13 72 35 23 27 92 19 51 99 65 11 19 52 32 58 36 9 91 73 7 4 47 8 56 22 79 86 75 16 14 93 29 86 28 52 13 73 72 17 24 
89 28 43 41 12 54 29 22 97 54 81 1 1 89 10 76 20 96 51 36 10 97 66 49 77 70 62 2 42 31 26 83 60 22 24 24 28 5 46 25 60 79 78 13 68 88 89 40 36 93 29 99 90 95 0 67 65 14 70 60 46 48 43 58 70 20 82 98 25 81 75 37 60 54 51 81 94 40 73 83 33 2 82 75 97 82 43 15 96 65 27 42 13 22 52 36 42 35 34 20 
68 62 57 28 16 8 61 62 1 35 45 86 37 27 62 87 61 5 2 10 70 81 4 35 3 57 71 98 44 58 18 12 20 27 92 88 88 54 50 89 41 96 27 78 75 89 65 89 46 19 99 68 52 55 4 56 64 75 54 8 85 24 20 5 51 65 93 91 19 44 32 60 92 60 90 19 1 8 8 48 79 59 16 32 15 72 88 79 0 94 40 85 18 12 43 21 77 36 65 96 
32 97 8 76 9 99 96 11 59 4 59 38 64 27 70 31 52 10 62 4 4 2 89 74 15 84 48 92 21 13 41 5 62 1 82 72 52 30 83 11 34 94 50 50 73 72 33 77 83 96 81 39 50 71 14 17 55 62 10 28 27 3 86 89 4 20 61 9 50 96 20 84 42 22 87 16 95 20 93 78 68 75 69 19 98 83 36 5 97 98 86 24 53 72 66 10 92 79 19 94 
76 39 78 70 62 17 86 9 90 32 87 58 59 56 29 9 92 66 66 41 16 52 66 70 76 84 80 20 63 99 14 91 90 45 62 52 14 0 61 4 84 0 63 43 9 92 4 53 10 71 94 27 75 12 49 4 96 81 76 12 32 91 3 22 88 17 27 2 18 40 7 2 93 22 98 2 14 54 7 77 77 53 56 5 66 5 9 14 86 85 26 18 28 82 92 68 99 19 71 69 
60 30 24 5 52 74 59 18 28 66 47 58 19 3 63 37 8 72 52 46 9 30 16 38 12 9 6 64 80 29 33 92 11 9 97 15 83 56 86 64 22 33 22 94 37 85 31 45 57 35 44 66 66 60 56 30 21 15 46 54 44 32 46 56 41 44 23 25 0 9 41 75 43 63 21 80 48 52 77 57 40 73 75 58 34 32 88 7 47 87 61 43 19 60 51 60 4 75 37 56 
84 78 83 27 93 4 59 93 9 37 50 49 10 26 59 96 10 47 56 57 34 69 52 5 29 4 18 33 79 55 42 63 86 77 43 31 82 2 25 43 91 75 44 54 53 3 2 63 2 10 72 89 80 25 94 9 29 12 95 60 20 89 23 6 66 18 89 0 73 14 43 16 42 39 22 95 42 25 59 45 35 83 34 67 8 28 29 89 93 24 49 13 13 25 71 31 95 60 32 68 
75 27 37 17 67 59 64 9 36 75 6 24 59 40 91 19 21 20 61 14 96 10 79 61 87 50 93 83 62 77 3 89 4 40 58 71 52 23 33 88 50 39 12 9 32 4 81 5 76 42 71 73 4 50 34 44 52 79 27 14 56 82 56 61 75 14 84 27 89 69 15 40 9 28 1 93 84 82 98 60 76 69 85 81 71 20 77 23 51 56 89 8 38 45 21 13 12 57 92 1 
27 8 41 36 88 43 81 24 77 79 36 54 0 22 87 71 94 64 94 45 20 35 5 10 33 26 76 45 84 68 46 63 28 40 99 16 83 32 92 12 11 29 66 11 3 5 82 49 69 28 46 41 15 52 52 48 30 28 93 66 96 92 29 25 32 80 93 67 12 38 79 23 67 98 86 22 3 20 71 73 48 17 14 64 21 66 12 52 94 58 18 43 50 0 20 82 80 65 49 45 
3 80 68 22 78 7 44 82 27 67 55 76 85 21 92 6 40 56 10 86 14 81 29 16 81 1 98 13 67 99 58 70 80 79 93 10 86 89 92 13 57 99 41 42 73 33 0 13 42 63 99 8 44 81 25 77 82 23 90 49 75 49 72 7 28 17 17 66 6 62 79 63 13 21 57 86 6 10 99 48 73 51 57 69 32 34 46 66 57 36 68 84 37 40 91 17 9 61 83 15 
23 15 31 36 88 40 75 94 50 26 95 75 77 4 44 61 38 90 28 47 79 48 32 16 40 75 86 49 36 69 16 11 36 47 0 24 40 75 19 90 1 66 18 31 22 62 92 60 5 72 59 84 20 43 52 12 19 38 61 55 60 30 19 96 77 19 21 69 46 92 60 99 58 30 30 80 92 75 92 97 47 51 33 20 95 86 32 66 24 46 73 36 76 92 33 5 63 6 75 9 
98 87 9 8 17 39 88 61 14 32 59 14 35 44 86 82 30 70 48 7 16 22 43 44 66 28 2 30 34 29 91 32 68 0 40 85 92 80 98 58 12 9 72 0 54 10 82 84 81 83 43 49 5 87 94 23 15 48 53 50 77 45 34 97 97 75 34 89 7 32 48 72 42 72 72 48 83 6 32 16 89 76 65 46 15 11 70 82 59 75 32 88 72 19 85 70 94 71 11 1 
4 11 73 98 36 97 46 19 4 30 87 93 58 52 40 73 64 62 56 75 37 40 16 62 59 53 32 5 25 95 59 29 7 84 79 43 82 25 14 86 55 1 31 14 53 23 39 69 85 47 97 75 88 13 37 99 66 21 5 43 16 64 24 75 0 3 18 82 28 84 20 36 85 52 2 91 75 41 60 13 41 57 40 29 22 29 80 89 50 85 84 18 1 9 94 2 12 64 36 93 
49 57 29 34 61 83 77 88 76 38 1 17 47 41 98 22 70 79 11 72 16 47 91 18 56 37 72 69 1 8 14 50 17 43 85 78 78 14 67 54 4 20 72 52 14 70 74 36 1 37 9 18 84 52 88 93 89 60 62 90 20 76 41 38 71 78 68 49 92 35 55 97 8 27 1 22 50 27 58 51 16 19 69 52 71 57 45 60 69 7 3 42 35 96 32 58 26 0 59 18 
88 15 67 96 94 20 18 96 99 28 48 15 48 69 68 71 79 13 32 48 73 87 90 60 83 74 71 9 75 30 79 15 45 99 11 92 71 81 88 71 61 36 86 9 58 6 81 37 72 65 37 97 4 80 57 87 54 28 48 81 11 79 96 56 78 59 0 50 40 89 21 2 77 59 63 35 66 96 24 90 61 14 87 17 94 96 4 0 77 4 82 88 84 78 96 14 38 97 16 30 
86 89 84 15 1 48 51 19 44 27 9 58 41 96 75 35 44 32 88 21 88 70 9 24 0 58 91 90 55 59 21 93 49 5 8 50 5 11 21 2 91 30 12 32 78 39 20 22 23 8 96 12 30 57 88 30 15 79 21 22 91 42 67 40 99 28 42 57 39 63 59 30 45 71 15 23 62 35 97 86 95 45 50 25 3 38 55 70 70 28 93 61 22 60 53 22 88 47 31 80 
62 90 62 7 13 77 82 75 64 31 13 59 77 63 36 32 54 92 2 76 72 95 37 95 8 42 69 48 89 0 80 51 90 43 10 55 72 44 82 89 75 96 48 4 11 37 36 65 81 39 41 53 86 30 48 94 24 17 95 13 69 75 16 11 70 78 66 43 22 1 32 50 97 32 54 60 69 91 26 2 30 19 56 68 2 56 15 26 26 10 92 95 37 60 7 8 39 73 3 13 
26 87 63 23 19 70 84 41 61 62 95 43 33 51 63 35 8 78 14 34 88 58 29 26 18 88 86 9 14 89 75 40 76 90 64 47 60 0 40 73 14 36 68 47 39 32 35 99 10 49 33 51 7 15 77 77 3 15 39 69 4 14 10 32 56 26 31 17 26 24 42 40 12 11 39 51 43 74 51 5 23 36 56 82 51 85 12 7 0 51 28 56 17 38 40 73 64 72 42 42 
48 85 34 60 48 74 11 43 48 62 48 24 51 5 58 2 42 70 61 43 73 90 51 42 80 92 68 45 16 10 39 64 47 74 24 47 0 35 90 0 50 91 24 1 48 83 55 90 5 69 85 79 11 37 73 91 29 41 88 97 4 28 61 51 54 37 51 6 24 41 6 74 84 83 27 32 18 35 75 23 4 60 54 67 97 28 58 78 69 99 75 73 79 88 77 85 25 28 91 50 
21 49 76 58 32 56 90 50 91 65 26 47 78 32 14 75 12 24 6 34 75 81 59 54 22 36 39 47 16 82 49 90 32 78 0 16 34 90 19 25 8 97 72 86 29 38 13 42 62 19 76 38 53 35 44 75 24 36 74 92 18 76 34 2 54 34 71 88 77 90 13 85 87 37 23 16 27 88 10 89 8 38 79 13 26 76 88 2 12 62 94 82 90 29 37 44 63 8 32 92 
98 97 77 37 86 52 5 13 93 16 55 1 6 86 66 84 62 54 86 26 68 33 61 59 14 98 3 29 58 88 22 8 37 51 45 24 4 50 89 49 18 44 2 25 31 68 61 45 22 48 24 42 33 85 53 47 83 9 76 41 97 98 49 34 50 46 10 6 96 0 55 67 44 57 92 27 77 5 25 99 53 49 93 38 34 47 85 69 56 62 62 5 12 63 91 62 9 2 20 57 
2 27 24 98 36 68 26 13 74 3 64 79 52 58 18 86 57 3 7 13 17 69 70 30 32 61 44 41 63 65 98 65 92 23 64 29 91 42 94 17 45 59 97 97 17 15 35 74 70 42 39 88 63 9 18 95 70 62 88 34 79 38 51 72 13 67 53 57 61 47 74 6 6 71 55 75 38 42 1 9 36 92 97 99 1 67 46 24 29 34 10 9 25 61 33 38 81 38 95 42 
85 22 1 44 45 56 71 84 99 25 45 87 17 94 87 19 61 33 95 42 20 5 51 45 18 36 83 51 74 31 94 12 5 95 8 50 3 79 86 54 56 31 42 74 25 29 45 38 14 40 81 34 97 84 79 67 21 15 19 95 46 13 59 3 60 67 53 63 99 92 70 55 23 12 81 1 93 26 39 7 18 72 42 15 57 73 35 30 88 54 77 86 19 37 89 31 56 43 46 55 
35 16 63 10 28 96 63 73 23 55 81 93 27 75 61 36 48 96 66 37 2 44 23 21 81 13 52 37 8 98 45 95 67 60 57 47 56 21 21 31 76 2 25 55 77 86 92 25 34 58 14 36 2 38 9 35 3 13 25 63 11 70 58 30 82 15 78 90 36 99 22 64 1 99 20 30 37 12 7 71 22 22 7 77 12 68 12 67 81 37 30 44 59 40 75 41 55 53 32 44 
52 6 60 5 5 80 87 42 44 94 13 19 68 72 96 32 40 8 51 73 98 81 17 57 73 92 51 29 45 35 25 49 41 37 6 46 70 93 40 14 40 5 85 60 29 81 93 21 42 96 94 40 78 11 49 51 4 0 32 1 35 9 3 28 47 9 26 17 55 66 83 95 23 69 55 52 2 0 73 44 97 67 36 27 31 86 30 35 86 15 88 74 24 91 2 23 1 81 40 8 
99 76 3 23 97 10 75 99 63 1 96 12 68 32 91 51 70 21 86 57 36 27 83 13 18 37 36 71 18 29 79 18 5 34 93 54 97 68 53 12 69 1 24 90 34 15 41 4 88 80 13 77 7 48 90 77 38 78 1 56 7 80 26 64 67 71 18 64 40 24 76 61 25 52 51 11 19 45 68 7 25 33 84 84 82 26 61 20 5 62 28 64 95 7 29 14 78 99 30 70 
23 58 32 1 10 35 12 29 80 32 88 57 66 73 93 48 99 7 20 56 21 48 21 68 55 50 82 86 1 12 56 77 22 88 78 32 24 42 13 56 75 2 66 41 27 59 41 78 66 61 35 40 61 56 8 69 58 91 55 59 55 11 36 78 52 66 10 28 61 76 36 36 30 2 29 57 14 22 35 32 35 70 72 96 78 81 65 36 24 72 96 79 36 84 57 88 51 20 68 64 
48 4 0 78 59 81 35 25 55 70 57 90 93 82 86 71 63 4 60 87 28 8 18 64 92 76 4 95 48 72 59 96 29 11 74 40 44 61 17 99 31 74 89 76 8 28 0 23 84 60 10 12 68 81 77 12 57 33 60 57 58 71 53 87 83 79 79 79 40 96 79 23 22 20 52 31 0 52 54 36 64 17 49 84 98 78 96 7 11 8 64 21 80 69 8 15 0 39 94 40 
87 25 63 10 46 67 93 98 19 47 35 83 16 36 19 66 14 68 73 77 76 89 51 8 10 11 23 10 51 70 50 38 95 66 0 93 33 93 92 5 93 79 40 61 15 60 28 81 28 1 10 56 43 61 65 53 73 40 64 24 10 66 14 6 84 15 99 18 60 43 75 5 22 15 67 37 75 95 18 55 48 81 64 91 42 81 45 15 21 61 91 32 27 58 90 12 25 41 82 85 
85 57 91 7 72 10 97 0 5 67 7 53 48 23 97 91 4 94 58 26 55 50 10 34 8 52 46 85 93 80 70 78 37 13 38 62 23 35 14 80 2 73 86 51 97 83 94 1 77 52 79 32 54 41 66 14 93 65 99 87 97 22 17 35 35 55 49 11 42 15 43 45 88 29 48 37 64 94 91 41 46 22 25 1 64 44 67 57 61 67 96 58 89 14 93 76 69 94 39 12 
61 83 9 2 64 9 39 29 3 82 70 49 5 48 2 69 92 70 78 53 89 75 11 78 89 57 54 10 3 46 22 65 29 83 67 93 92 6 74 95 41 45 97 46 45 51 67 37 73 45 42 62 72 53 40 13 62 47 24 66 93 46 31 74 82 50 19 74 56 94 70 97 91 19 95 36 70 62 25 96 60 67 58 84 72 51 98 35 98 22 53 43 20 36 69 2 86 88 29 42 
34 51 92 77 70 39 13 92 54 90 88 66 57 47 50 82 98 0 17 48 22 22 43 95 58 12 49 44 52 78 38 87 29 82 64 99 22 30 44 28 72 32 94 30 31 96 64 29 97 81 29 19 55 72 66 13 84 16 57 89 94 95 76 24 30 92 75 52 74 19 80 47 52 26 29 35 22 93 17 19 26 46 91 81 71 57 94 55 73 3 96 68 50 72 44 80 17 19 84 91 
91 16 90 43 42 19 30 65 12 47 84 38 94 27 19 65 85 65 72 58 68 69 78 19 93 74 51 10 94 36 54 85 52 44 80 95 16 10 12 28 58 48 19 4 76 90 69 61 56 93 71 76 62 2 47 8 76 99 70 22 35 24 59 87 21 91 34 37 54 46 17 64 95 88 68 23 79 89 36 35 82 7 63 97 61 11 57 90 10 27 12 45 4 24 84 77 15 71 66 69 
