50 50
49 31 17 23 9 75 42 73 45 58 15 96 91 20 70 58 39 18 83 9 74 40 54 97 96 3 79 94 19 96 84 20 27 1 43 89 76 38 14 73 48 29 70 39 49 92 49 88 62 32 
49 36 24 56 34 20 11 65 66 82 61 51 2 40 4 97 29 33 35 43 6 83 73 28 74 74 20 23 15 82 7 16 71 32 72 57 52 35 22 71 17 35 22 19 75 78 69 57 11 4 
0 18 40 25 46 66 0 19 90 15 53 97 31 24 29 56 81 34 91 55 57 9 42 79 80 70 9 49 27 21 6 27 91 46 5 37 12 5 8 54 72 62 4 55 38 85 63 72 19 55 
27 76 16 22 7 48 92 69 50 19 90 56 98 81 54 3 70 66 60 79 73 84 93 77 92 31 62 55 3 34 62 83 62 30 5 22 79 97 91 29 68 81 37 66 14 91 22 84 9 34 
15 82 71 8 11 63 92 26 18 95 60 81 30 22 11 35 96 42 84 87 71 52 68 60 71 82 51 45 19 13 31 34 47 2 95 59 65 87 85 84 34 97 65 65 19 28 52 16 71 37 
55 94 41 76 55 64 10 58 9 29 71 41 64 19 43 59 78 61 98 15 45 32 12 62 49 83 90 2 51 61 91 7 8 32 83 63 49 45 21 58 75 93 51 91 64 47 2 94 8 0 
9 5 84 73 67 34 56 9 36 60 71 27 67 31 11 2 94 60 47 15 71 74 60 74 65 24 73 19 18 81 19 79 38 4 52 5 90 61 15 26 21 38 5 40 69 16 94 15 29 41 
30 0 16 43 26 33 19 0 53 90 33 24 69 72 80 74 77 70 35 44 48 8 82 53 48 3 22 42 18 51 35 1 3 3 44 29 89 63 29 94 53 63 18 75 35 51 49 64 73 36 
9 22 44 43 75 44 47 97 38 17 0 25 18 3 81 62 33 70 78 14 64 83 29 34 10 64 37 59 29 11 47 90 85 43 33 60 87 32 10 77 50 10 55 68 14 36 83 99 58 13 
65 74 48 95 8 59 59 98 70 40 61 18 82 46 61 16 58 1 0 68 78 50 31 85 71 97 21 54 48 79 19 13 53 67 8 14 26 20 64 97 12 25 67 95 71 28 63 81 29 63 
2 60 14 33 45 85 30 19 91 78 98 10 43 4 29 52 18 8 72 34 5 36 59 24 31 82 52 94 63 34 58 65 94 24 50 91 61 32 10 52 62 61 14 6 65 95 58 35 3 82 
69 60 18 28 84 2 62 37 96 77 23 6 43 17 30 45 60 91 78 71 95 40 32 61 46 49 57 56 84 60 90 53 21 61 33 57 63 95 46 59 72 69 18 67 86 48 13 99 92 91 
70 39 83 54 1 30 3 10 86 87 70 77 92 43 38 25 1 53 72 99 64 44 69 82 64 7 83 29 6 75 72 28 66 55 82 67 85 85 77 24 24 0 53 16 95 43 93 48 96 65 
48 60 62 17 43 78 24 78 7 31 53 79 59 19 34 94 39 72 31 68 96 56 68 49 24 16 92 18 64 88 35 12 0 97 81 95 75 58 73 34 89 78 13 0 50 0 46 89 72 78 
9 68 86 30 17 10 46 61 80 10 1 16 75 1 65 8 49 41 66 22 75 7 1 41 60 51 41 6 92 13 84 1 81 22 31 50 33 77 63 13 40 64 81 67 17 47 75 66 40 42 
89 67 49 42 8 9 45 49 68 89 14 4 90 47 27 74 97 60 3 60 25 95 76 59 62 94 6 90 12 98 32 1 65 33 95 74 95 92 75 63 81 90 67 24 37 46 98 87 58 53 
99 36 49 76 95 63 22 53 53 34 51 37 88 16 71 83 42 18 28 70 33 9 60 52 33 49 99 83 36 57 89 36 93 38 64 40 1 38 93 7 72 96 44 60 65 67 96 7 85 24 
77 18 85 89 71 71 39 22 54 27 79 95 15 25 33 31 65 87 69 59 94 42 55 38 54 72 58 50 80 43 26 9 14 12 51 37 35 42 59 41 69 38 37 37 63 70 68 81 9 38 
40 3 32 47 94 86 20 52 89 52 47 67 13 61 79 64 50 14 6 9 8 28 0 45 65 15 15 85 96 77 23 88 80 7 88 26 46 60 30 35 12 78 2 77 91 34 42 42 0 0 
51 8 28 51 53 45 19 21 31 15 98 6 4 30 66 92 9 12 52 39 99 16 69 1 93 61 87 87 55 40 88 58 48 68 62 54 66 81 27 49 96 77 7 0 7 73 44 68 85 48 
8 84 64 77 38 58 90 25 97 45 17 85 4 66 6 18 72 72 99 99 73 95 28 80 48 87 54 44 56 91 93 16 28 57 45 66 67 36 43 65 33 61 2 89 79 60 7 3 84 6 
54 57 54 82 38 2 69 44 98 77 35 91 93 15 1 39 81 68 27 77 85 60 90 40 2 21 52 9 24 37 68 78 94 22 12 84 76 33 28 26 11 16 18 56 31 19 95 65 39 22 
42 77 35 84 17 37 5 69 98 81 58 66 11 5 40 23 89 68 56 70 95 19 86 13 76 69 84 23 34 23 46 28 0 33 64 69 70 21 91 68 2 49 87 13 54 27 36 96 48 45 
66 95 16 4 60 92 25 44 16 12 19 14 92 72 47 57 41 17 78 84 37 81 34 24 46 40 4 35 88 4 32 6 99 48 62 59 41 88 55 9 0 26 75 44 98 22 1 40 91 32 
76 80 13 10 5 11 3 61 46 43 17 78 50 16 27 12 27 20 52 34 81 4 60 56 49 59 30 50 51 21 82 27 1 47 90 58 59 45 71 57 88 88 36 90 56 15 3 35 87 55 
21 68 12 82 76 61 93 6 11 96 79 46 23 32 45 65 43 56 62 14 14 51 55 2 41 63 69 96 51 56 4 72 76 16 6 4 77 51 62 40 47 41 38 23 25 84 40 68 40 3 
35 6 6 42 60 99 5 29 96 8 85 52 81 13 20 39 17 49 91 79 89 90 72 28 13 50 64 6 18 56 9 5 63 15 47 23 14 5 53 62 13 90 66 46 56 86 86 25 35 29 
57 77 19 29 57 85 79 21 91 50 77 0 55 92 67 55 16 33 60 21 48 73 63 14 72 19 53 58 97 88 87 54 17 58 35 74 43 67 95 34 17 73 86 24 17 53 79 33 87 91 
6 35 17 70 1 89 41 54 99 38 95 38 92 12 96 28 87 40 95 82 26 64 7 13 88 25 18 20 10 57 63 17 92 80 87 94 69 28 0 20 19 95 58 11 8 55 39 95 47 86 
29 25 50 89 90 91 66 9 63 76 66 26 93 11 59 32 57 80 13 57 1 32 53 59 95 13 66 35 60 65 73 89 91 76 30 81 19 96 42 34 73 9 12 18 20 71 3 77 52 16 
86 53 0 39 64 95 4 31 82 64 48 8 6 91 84 36 73 55 33 15 89 58 76 1 76 96 73 31 25 77 99 12 30 99 3 46 47 60 29 81 24 78 89 82 69 25 19 94 80 4 
62 69 62 38 23 90 87 48 22 12 25 21 76 55 73 32 53 20 92 83 1 68 61 91 51 30 16 70 77 49 74 39 18 88 77 93 78 64 41 52 29 66 74 57 73 47 89 27 19 33 
10 20 2 71 63 53 53 32 23 30 81 49 21 51 37 99 45 67 15 86 20 96 53 94 54 78 93 95 5 12 29 15 84 31 38 48 36 44 32 11 26 13 60 48 64 49 99 9 16 14 
48 36 63 1 82 69 79 27 64 37 91 45 4 76 28 43 76 64 87 8 75 65 73 87 13 37 36 12 99 5 79 47 93 42 0 76 11 31 55 27 68 47 73 73 75 53 68 51 70 55 
11 45 20 84 85 86 73 21 98 72 78 77 19 72 71 71 48 82 3 55 10 71 2 35 44 77 88 12 80 58 19 43 56 92 79 93 30 53 66 28 77 45 58 49 17 29 20 65 64 23 
20 74 47 75 61 43 4 1 8 85 60 27 28 68 71 60 61 1 13 27 82 42 72 92 91 89 73 64 6 37 39 79 63 86 6 24 30 10 26 38 95 38 17 76 6 89 36 19 42 1 
98 76 95 23 68 39 64 42 3 23 31 42 54 95 29 60 71 11 70 97 49 18 35 66 46 93 7 34 64 2 35 15 78 30 38 99 69 2 93 24 77 76 67 31 71 48 91 43 59 14 
92 60 84 80 78 30 25 86 64 90 40 51 57 70 81 95 21 3 49 14 79 27 43 46 58 14 46 2 9 57 16 2 69 0 82 48 30 7 86 46 49 26 97 6 48 30 53 70 33 3 
36 13 82 79 11 40 46 10 42 55 19 10 57 89 10 91 89 92 51 75 90 52 53 87 11 1 18 16 23 3 19 12 68 53 91 32 94 37 94 88 45 13 51 54 54 13 98 43 58 49 
70 48 53 23 36 64 77 6 81 52 61 52 64 82 58 8 66 4 97 60 44 42 25 95 97 80 9 95 75 67 96 46 15 49 21 3 66 50 61 99 3 23 3 19 57 61 27 23 17 25 
35 62 19 60 57 16 92 66 63 20 85 11 66 53 13 39 56 31 90 18 30 45 93 85 64 2 99 44 25 16 69 12 78 88 24 36 57 17 54 72 37 40 84 55 93 49 46 1 80 36 
71 10 33 16 47 50 18 46 94 95 15 15 7 93 55 32 81 64 1 88 37 90 28 73 97 73 22 43 26 2 32 98 64 65 66 11 67 85 10 61 80 25 76 40 18 84 24 52 48 25 
40 85 67 20 10 64 45 32 59 71 34 91 21 50 9 88 62 76 73 72 90 5 49 18 97 67 2 21 71 51 98 11 36 65 31 47 81 76 31 41 0 18 32 21 68 93 61 82 70 86 
6 12 44 55 30 41 23 33 15 46 84 13 58 72 31 41 71 12 70 3 53 70 73 38 43 41 31 5 76 53 91 82 65 35 38 96 29 13 29 44 59 65 9 17 37 40 11 9 53 81 
64 58 51 37 96 46 30 28 3 6 33 47 89 99 34 79 47 63 92 28 59 51 93 69 21 82 9 32 43 62 13 59 73 16 48 69 62 31 97 18 37 83 65 78 82 99 57 81 63 1 
9 22 53 54 91 26 36 53 58 32 67 23 91 40 39 40 10 53 71 59 71 60 42 36 91 76 88 0 57 51 2 18 25 7 72 69 33 61 74 91 45 41 14 88 34 5 80 44 10 3 
55 82 64 50 70 7 26 10 7 36 13 61 6 39 68 79 60 1 92 34 44 89 27 10 77 61 15 58 57 26 13 13 60 29 63 82 36 41 93 96 77 6 57 84 97 78 15 9 31 59 
43 76 0 23 38 77 84 54 87 42 32 1 7 44 30 70 78 19 11 23 15 41 30 24 25 79 54 92 89 86 51 84 14 3 7 52 80 44 58 20 86 42 21 93 38 3 15 17 22 26 
40 89 19 22 14 44 2 68 88 91 6 91 27 20 94 35 25 75 79 83 47 17 78 68 62 16 23 77 33 46 55 26 87 75 48 1 71 50 22 60 93 28 51 21 49 46 8 74 73 39 
9 72 56 87 92 70 4 15 47 89 13 54 15 1 29 64 54 1 66 76 13 12 5 16 85 6 14 93 32 39 84 41 11 92 81 3 62 37 19 61 26 32 15 42 85 45 58 40 98 76 
